5.9
4.3
7.9
5.6
5.3
3.7
3.3
4.7
3.0
2.3
2.7
1.7
1.3
1.3
1.3
1.3
1.0
1.3
0.7
0.3
1.7
0.7
0.7
1.0
0.7
0.7
1.3
2.7
3.7
3.3
3.3
2.0
2.0
2.3
2.3
3.7
3.0
2.0
2.0
2.0
3.3
3.7
3.3
4.0
2.3
2.3
2.3
0.7
1.0
0.7
1.0
2.3
3.0
2.3
3.0
4.7
7.0
3.7
3.0
2.0
2.7
4.0
4.7
4.3
4.3
3.7
5.7
4.0
2.0
2.0
2.7
1.7
11.6
3.6
2.7
3.3
4.0
3.3
3.0
4.3
2.3
1.7
0.7
0.7
1.0
1.7
2.6
10.0
4.3
3.3
2.3
2.0
3.0
1.3
2.7
2.3
1.7
2.0
2.3
2.0
0.7
2.0
2.0
2.0
2.0
1.3
1.0
1.0
0.7
1.3
5.6
2.7
1.3
3.7
2.0
1.7
1.7
1.7
1.3
1.7
2.0
3.7
1.7
6.9
1.3
3.0
7.6
2.0
1.3
0.7
0.7
0.7
3.3
3.0
2.7
2.0
3.3
3.7
1.3
1.7
1.7
1.7
2.0
1.7
5.6
2.7
2.0
6.0
6.3
1.3
3.3
2.3
0.7
5.0
1.7
6.3
3.3
2.0
2.3
2.3
0.7
1.3
2.3
2.0
1.7
2.3
2.7
3.7
3.3
4.0
2.7
4.0
2.3
1.7
1.3
1.7
2.0
1.7
1.0
10.6
2.0
2.3
1.7
1.7
1.3
1.3
2.0
1.3
1.7
1.3
2.3
2.0
2.0
1.3
1.7
1.7
0.7
0.7
0.7
1.3
1.3
1.0
2.0
2.0
