3.3
3.3
5.0
3.3
2.7
2.3
3.0
2.3
3.0
2.0
3.0
3.3
4.0
2.7
2.3
3.0
2.0
2.0
1.7
2.0
0.7
1.7
0.7
2.0
1.7
1.7
3.0
2.0
2.0
2.0
1.7
1.0
1.3
2.0
2.0
2.0
1.7
1.3
1.3
2.3
2.7
2.0
2.0
1.3
1.7
1.3
0.7
0.7
0.7
1.0
2.7
2.7
3.0
2.3
2.0
2.3
2.0
2.3
1.7
1.0
2.3
1.7
2.0
3.3
2.0
3.0
4.0
1.3
1.3
3.3
1.7
2.0
4.9
1.7
2.7
2.0
5.0
1.3
4.0
3.7
2.0
4.0
3.3
2.0
2.7
6.2
2.3
1.3
3.0
2.3
1.0
1.0
3.7
9.0
0.7
0.7
4.0
1.3
2.0
0.7
1.0
2.0
1.3
1.3
1.0
0.7
0.7
2.7
7.0
2.7
2.7
3.3
3.7
2.7
2.3
8.3
4.0
1.0
1.0
1.3
2.3
2.3
2.6
3.0
2.3
5.0
2.0
3.0
4.3
3.3
2.7
1.7
3.7
6.0
1.7
1.0
1.3
1.3
1.7
4.7
9.6
1.0
1.7
3.7
1.7
3.7
2.7
3.3
3.3
3.0
4.0
1.7
3.0
1.3
2.0
1.7
2.3
1.7
1.7
0.7
0.7
2.7
1.3
1.3
1.3
2.0
2.0
2.0
1.3
2.3
3.0
7.0
0.7
0.7
0.7
1.0
0.7
0.7
1.3
1.7
1.7
1.7
0.7
0.7
0.7
2.0
4.7
2.0
9.0
2.3
3.0
2.3
0.7
0.7
0.7
1.0
0.3
1.0
0.7
0.7
0.7
1.0
1.7
