3.0
3.6
3.3
2.6
7.3
5.3
5.3
4.0
6.3
3.3
3.3
3.3
5.3
3.0
2.7
5.6
2.0
1.7
1.3
2.0
3.3
2.0
2.3
2.3
2.7
2.3
3.7
5.0
2.3
2.3
3.0
3.0
6.6
3.0
2.7
3.3
3.0
3.3
3.0
2.3
1.7
1.3
1.7
1.7
1.3
2.3
2.0
2.0
2.3
2.3
3.0
2.3
1.7
3.0
3.7
4.7
3.7
3.0
2.3
3.3
2.3
2.7
4.3
2.3
2.7
3.7
3.0
2.0
2.7
3.0
2.7
4.0
3.3
2.0
1.3
3.3
3.7
2.0
3.0
1.3
1.3
1.7
3.3
2.7
1.3
1.3
2.7
3.0
3.3
3.3
3.0
1.7
1.7
1.7
1.0
2.0
1.3
3.3
3.3
2.3
2.3
2.3
5.6
2.7
1.0
1.7
1.7
2.0
8.3
2.7
2.0
3.7
3.0
5.0
0.7
2.3
2.3
1.0
2.7
2.7
4.3
6.0
2.6
2.3
1.0
0.7
1.0
1.0
3.0
4.3
3.0
3.0
4.3
2.7
6.0
3.0
7.6
6.7
3.0
5.3
3.3
3.3
3.0
6.0
7.7
2.7
4.0
8.3
1.7
3.7
11.3
5.6
1.7
1.7
1.7
2.6
2.0
2.7
2.7
2.3
2.3
3.7
2.0
3.0
2.3
1.7
1.7
1.7
1.7
1.0
1.0
1.3
1.0
1.0
1.0
2.0
5.6
6.0
3.6
1.3
3.7
2.0
2.3
1.3
2.0
2.0
2.3
3.3
2.0
1.0
1.0
1.0
2.0
1.3
1.7
1.0
1.3
0.7
1.7
3.0
