4.3
4.3
3.7
3.7
3.7
3.7
3.7
4.0
3.7
2.7
3.7
3.3
3.7
3.7
4.3
3.3
3.3
4.0
3.3
3.3
3.0
3.7
3.0
3.7
3.7
3.7
3.3
3.3
3.3
3.0
4.0
3.7
3.7
3.3
3.7
3.3
3.3
3.3
3.3
3.7
4.0
4.0
4.0
4.3
3.0
3.7
3.3
4.0
4.0
4.0
3.3
3.7
4.0
4.0
4.0
3.3
4.0
3.7
4.0
3.3
3.7
3.3
4.0
3.7
3.3
4.0
3.3
3.7
3.0
2.7
3.3
4.0
3.3
3.3
3.3
3.0
3.3
3.3
3.3
3.0
3.3
3.0
3.0
6.0
4.0
3.7
4.0
3.0
3.0
3.0
3.0
3.3
6.0
4.7
3.3
3.7
3.7
2.7
3.7
3.7
3.3
3.3
4.7
3.7
4.0
4.0
4.7
4.3
3.7
3.3
3.7
4.3
3.3
3.3
3.7
4.3
3.7
3.7
3.7
4.3
3.6
4.0
4.0
3.7
3.3
3.7
3.7
4.0
3.3
3.0
3.3
3.7
3.0
3.3
3.0
3.7
3.3
3.3
3.7
3.7
4.3
3.7
3.7
2.3
