6.2
1.7
2.7
3.0
3.0
3.0
2.6
3.0
3.7
4.0
4.3
1.2
1.0
1.3
2.3
3.0
3.3
3.3
3.3
3.3
3.3
1.7
1.0
1.0
1.0
1.0
1.0
1.0
3.0
2.3
2.3
3.7
3.0
3.7
2.7
1.7
1.7
2.3
2.0
2.7
2.7
2.5
2.3
2.7
2.3
2.0
2.7
2.3
2.7
2.3
2.0
2.7
2.3
2.7
2.0
1.7
1.3
2.0
3.3
3.3
3.3
3.3
3.3
4.3
2.3
2.0
1.7
2.3
2.3
2.7
2.7
1.7
1.3
1.3
2.3
2.7
2.7
2.0
2.0
1.7
2.0
1.3
1.0
1.3
2.3
3.7
3.3
3.0
1.7
1.7
1.3
3.3
3.0
3.7
2.3
2.7
2.3
2.3
1.0
1.3
0.7
2.0
2.0
1.7
1.3
1.3
1.0
1.3
3.0
2.7
2.7
2.0
2.0
2.0
2.0
1.7
2.0
1.7
2.0
2.3
2.0
2.0
1.7
2.3
2.0
2.3
2.3
2.3
3.7
4.7
3.0
2.0
2.3
2.3
2.0
2.0
2.0
1.7
3.0
3.0
3.7
3.0
3.3
3.7
3.0
4.0
3.0
4.3
3.3
2.0
2.0
2.3
3.7
4.7
2.7
2.3
2.3
3.3
2.0
2.0
3.0
2.0
2.0
2.3
2.0
2.7
4.3
3.3
2.0
2.0
2.3
2.0
2.0
2.7
3.3
2.7
3.7
4.7
3.0
3.7
3.3
3.0
7.9
3.0
4.3
3.0
2.5
8.3
4.0
6.0
9.0
6.0
3.0
4.7
2.7
3.3
6.2
20.9
6.3
7.0
7.3
4.9
1.9
2.0
2.3
3.0
4.0
3.0
3.3
3.7
4.3
4.0
2.3
2.3
2.3
2.3
3.7
2.7
3.7
1.0
3.0
2.0
3.3
4.0
5.0
2.7
5.0
5.6
2.7
4.3
3.0
3.0
4.7
3.3
4.3
2.0
1.0
1.0
1.7
5.0
4.7
4.7
2.3
2.7
3.0
3.0
3.0
3.3
4.0
1.0
1.3
1.3
1.7
2.3
2.3
2.7
1.3
