0.3
2.0
3.3
3.7
3.3
3.0
3.0
3.0
1.3
1.7
1.7
2.2
2.6
2.0
2.0
1.7
1.3
1.7
0.7
1.0
1.0
2.3
2.3
2.3
2.3
2.3
2.3
2.7
2.3
2.7
2.3
1.3
1.0
1.0
2.0
2.3
2.3
2.3
1.3
1.7
1.3
1.6
1.7
1.7
1.0
1.3
1.0
1.3
2.3
2.3
2.6
2.0
1.3
1.3
2.3
2.3
2.7
2.0
1.0
1.3
1.3
1.3
1.7
1.3
1.3
1.7
1.7
1.0
1.0
1.3
1.0
2.3
2.3
2.3
2.7
2.3
2.3
2.7
2.3
2.7
2.3
2.3
2.7
2.3
1.0
0.7
2.7
2.3
2.7
2.0
2.3
1.7
2.0
1.3
1.3
1.7
2.7
2.7
2.3
1.0
0.7
1.3
1.7
2.7
2.3
2.0
2.7
2.0
2.7
2.0
1.7
2.7
1.3
1.7
1.7
1.7
1.0
1.0
1.3
1.0
2.3
3.0
1.7
4.3
3.0
2.7
2.3
3.7
2.7
2.0
1.0
1.0
1.0
1.0
1.3
1.0
2.0
1.3
2.0
1.3
1.7
2.0
1.7
3.7
3.0
2.7
1.7
1.3
1.0
1.7
1.7
2.3
2.3
2.3
3.0
3.7
2.3
2.7
4.3
2.3
1.0
1.0
1.7
3.0
2.7
3.7
2.0
1.7
3.0
1.7
2.7
3.0
3.7
2.7
4.0
3.0
2.0
3.3
1.7
3.0
1.3
4.3
1.3
2.0
0.7
0.7
1.3
3.0
1.7
5.3
5.6
14.9
1.7
7.0
2.3
1.6
7.0
2.3
2.3
2.3
2.3
2.3
2.0
2.0
3.3
1.0
1.3
1.0
1.3
1.0
1.7
1.7
2.0
3.7
2.3
1.7
2.3
2.3
1.7
1.7
1.3
1.3
1.0
1.0
1.3
2.0
2.3
2.3
2.3
2.0
2.2
1.7
1.3
1.0
1.3
1.3
1.0
1.0
1.3
1.0
2.7
1.3
2.0
2.3
2.0
2.0
2.7
2.7
2.0
2.3
