2.7
3.0
3.0
2.7
2.3
1.7
2.0
1.7
1.0
1.3
1.5
1.0
1.7
1.7
2.0
2.0
2.0
1.3
1.3
1.7
1.3
1.3
1.3
1.3
1.3
1.3
1.7
2.0
2.0
2.3
1.0
0.7
0.7
1.0
0.7
0.7
1.3
2.0
2.0
2.0
1.9
2.0
2.0
1.7
1.3
1.3
1.7
2.3
2.0
2.0
2.0
2.0
2.3
2.0
2.0
2.3
1.7
1.7
1.3
1.3
2.0
2.0
2.0
1.3
1.7
1.7
1.3
1.3
1.3
1.3
2.0
2.0
2.0
1.7
1.3
1.7
1.0
1.0
0.7
0.7
1.3
1.3
1.3
1.7
1.3
1.0
1.7
2.0
2.0
2.7
1.7
2.3
1.7
2.0
2.0
1.7
2.3
2.0
2.0
2.0
1.7
1.3
1.3
1.7
2.3
1.7
2.3
1.3
1.3
1.3
1.7
1.3
1.3
1.7
2.0
2.3
2.0
2.0
2.3
2.0
1.7
1.3
1.7
2.0
2.3
2.0
4.0
1.3
1.3
1.7
3.0
1.7
1.3
1.3
2.0
1.7
1.3
0.7
1.0
0.7
1.3
1.3
2.3
1.7
1.7
2.0
1.7
1.3
1.7
1.3
1.0
1.0
2.0
1.3
2.0
2.3
2.3
2.0
3.0
1.3
1.7
1.7
1.3
1.3
0.7
1.0
1.0
1.3
1.3
1.7
2.0
2.3
3.0
1.7
1.0
1.3
1.0
1.0
0.7
1.0
0.7
3.0
2.7
10.0
2.3
2.2
4.7
1.0
5.0
5.6
4.0
1.3
1.7
1.7
1.0
3.0
2.3
0.6
1.0
1.3
0.6
2.7
0.7
1.7
1.3
1.7
1.7
0.7
0.7
1.3
1.0
1.7
2.0
2.0
2.3
3.7
1.7
1.7
2.0
1.3
0.7
1.0
0.7
1.7
2.3
2.3
2.7
2.3
2.7
2.3
0.7
1.0
0.7
1.3
1.7
1.9
1.3
1.7
1.7
2.3
1.3
1.7
2.0
2.0
2.0
4.7
2.3
1.7
6.7
1.3
0.7
1.0
1.0
0.7
1.0
